0.001 1.9000890583255206 0.003805075473572284 0.003805075473572284 1
0.010999086098177298 1.8999654005362459 0.02282959636476043 0.001902343814573603 1
0.02099401082716144 1.8996515618297547 0.041850718698175506 0.001901882134641884 1
0.030981159674303826 1.8991477018787324 0.06086573544488991 0.0019011498293731253 1
0.04095692544762851 1.8984540759695732 0.07987194308576213 0.0019001474272792923 1
0.05091771162201032 1.8975710346231625 0.09886664450398178 0.0018988756581916249 1
0.06085993566258269 1.896499023073049 0.11784715096007399 0.0018973354477559152 1
0.07078003231836247 1.895238580604363 0.13681078403749666 0.0018955279151969 1
0.08067445687919135 1.8937903397554796 0.15575487756603015 0.0018934543710233743 1
0.0905396883892349 1.892155025384756 0.17467677952054775 0.0018911163144185584 1
0.10037223281044712 1.890333453605074 0.19357385389178136 0.0018885154302824144 1
0.11016862612959981 1.8883265305892614 0.21244348252559273 0.0018856535859260825 1
0.11992543740269071 1.8861352512498375 0.23128306692731254 0.0018825328274266631 1
0.12963927173078058 1.883760697796851 0.2500900300278099 0.001879155375653391 1
0.13930677316156675 1.8812040381779174 0.2688618179080752 0.0018755236219778813 1
0.14892462751127664 1.8784665244048369 0.28759590147923153 0.0018716401236821881 1
0.15848956510175813 1.8755494907714834 0.30628977811503366 0.0018675075990794183 1
0.16799836340795374 1.8724543519678913 0.3249409732340634 0.001863128922362373 1
0.1774478496112681 1.8691826010957129 0.3435470418289919 0.0018585071181964554 1
0.1868349030546749 1.8657358075904287 0.3621055699404426 0.0018536453560736462 1
0.19615645759575487 1.8621156150558846 0.38061417607316067 0.0018485469444449074 1
0.20540950385421164 1.8583237390168934 0.39907051255237097 0.0018432153246487986 1
0.21459109135077362 1.8543619645957676 0.41747226681838573 0.00183765406465442 1
0.2236983305347564 1.8502321441187894 0.4358171626577067 0.0018318668526371177 1
0.2327283946979294 1.8459361946586823 0.4541029613690513 0.0018258574904054744 1
0.24167852177270138 1.8414760955192433 0.4723274628629175 0.0018196298866983074 1
0.2505460160130084 1.836853885668311 0.4904885066934917 0.0018131880503702987 1
0.2593282495566566 1.8320716611252794 0.5085839730218874 0.0018065360834848964 1
0.26802266386823476 1.827131572309352 0.5266117835098882 0.0017996781743329301 1
0.27662677106207 1.8220358213546965 0.5445699021435556 0.0017926185903951633 1
0.2851381551050496 1.816786659398623 0.5624563359862356 0.0017853616712667207 1
0.2935544728994766 1.811386383848819 0.580269135860684 0.0017779118215609522 1
0.30187345524645665 1.8058373356355935 0.5980063969601971 0.0017702735038098783 1
0.31009290769063524 1.8001418964549634 0.6156662593888059 0.001762451231377836 1
0.31821071124741557 1.7943024860082877 0.6332469086307545 0.001754449561404456 1
0.32622482301408007 1.7883215592440058 0.6507465759496428 0.0017462730877924502 1
0.33413327666652104 1.7822016036068762 0.6681635387177637 0.0017379264342550658 1
0.3419341828435545 1.7759451362999301 0.6854961206763082 0.0017294142474374007 1
0.3496257294210391 1.7695547015641733 0.7027426921272542 0.0017207411901250145 1
0.3572061816782586 1.7630328679808498 0.7199016700578813 0.0017119119345525365 1
0.36467388235924575 1.7563822258008936 0.7369715181989775 0.0017029311558242111 1
0.3720272516319225 1.7496053843059496 0.7539507470179186 0.0016938035254574874 1
0.37926478694812094 1.7427049692051335 0.7708379136479097 0.0016845337050599783 1
0.3863850628077113 1.735683620071453 0.787631621754774 0.0016751263401492428 1
0.3933867304302166 1.7285439878215831 0.8043305213427664 0.0016655860541240782 1
0.40026851733742247 1.7212887322424324 0.8209333085009697 0.001655917442395083 1
0.40702922685060827 1.7139205195677043 0.8374387250919045 0.0016461250666815082 1
0.41366773750612285 1.7064420201073962 0.853845558384053 0.001636213449480494 1
0.4201830023931097 1.6988559059329411 0.870152640630047 0.0016261870687140352 1
0.4265740484172525 1.6911648486204462 0.8863588485923257 0.0016160503525581768 1
0.43283997549446296 1.6833715170542327 0.9024631030181037 0.0016058076744581418 1
0.43897995567846476 1.6754785752926455 0.9184643680655288 0.0015954633483323268 1
0.444993232226252 1.6674886804978593 0.9343616506829274 0.0015850216239673542 1
0.4508791186054034 1.6594044809311737 0.95015399994306 0.0015744866826056124 1
0.4566369974472288 1.6512286140150596 0.9658405063343127 0.0015638626327260368 1
0.4622663194497042 1.6429637044629997 0.9814203010107612 0.0015531535060181836 1
0.4677666022341211 1.6346123624779452 0.9968925550030358 0.0015423632535490161 1
0.47313742915933243 1.626177182020003 1.0122564783919086 0.001531495742121181 1
0.4783784480974272 1.617660739143769 1.0275113194465082 0.0015205547508209986 1
0.4834893701745999 1.6090655904055235 1.0426563637290485 0.0015095439677537926 1
0.4884699684809147 1.6003942713403274 1.0576909331679252 0.001498466986963709 1
0.4933200767525795 1.591649295008872 1.0726143851010121 0.0014873273055346348 1
0.49803958803026555 1.5828331506137763 1.087426111290945 0.0014761283208684127 1
0.5026284532969086 1.573948302184861 1.10212553691414 0.0014648733281361105 1
0.5070866800983341 1.5649971873327833 1.11671211952526 0.001453565517897693 1
0.5114143311499433 1.5559822160702754 1.1311853479987748 0.001442207973885138 1
0.5156115229325879 1.5469057697000945 1.1455447414492326 0.0014308036709436475 1
0.5196784242806531 1.5377701997686826 1.1597898481317823 0.0014193554731253826 1
0.5236152549652495 1.528577827084401 1.1739202443244485 0.0014078661319298236 1
0.5274222842752998 1.5193309407991324 1.1879355331935844 0.0013963382846846795 1
0.5310998295991894 1.5100317975519157 1.2018353436438802 0.0013847744530610315 1
0.5346482550095255 1.5006826206732164 1.215619329154231 0.0013731770417162341 1
0.5380679698534314 1.4912855994483507 1.2292871666007028 0.0013615483370579499 1
0.5413594273506811 1.4818428884385126 1.242838555067776 0.0013498905061225667 1
0.5445231232018616 1.4723566068577956 1.2562732146489692 0.0013382055955611634 1
0.5475595942086233 1.46282883800454 1.2695908852378845 0.001326495530726072 1
0.5504694169079712 1.4532616287453084 1.2827913253106331 0.001314762114851107 1
0.5532532062224191 1.4436569890497335 1.2958743107005517 0.0013030070283184096 1
0.5559116141277275 1.434016891574468 1.3088396333660286 0.0012912318280049117 1
0.5584453283398256 1.4243432712944306 1.321687100152198 0.001279437946701408 1
0.5608550710224046 1.4146380251795339 1.3344165315471936 0.0012676266925972218 1
0.5631415975165708 1.404903011915058 1.3470277604335776 0.0012557992488235286 1
0.5653056950938348 1.395140051663834 1.3595206308354915 0.0012439566730484248 1
0.5673481817336155 1.3853509258683963 1.3718949966620102 0.0012320998971169085 1
0.5692699049263382 1.3755373770912702 1.3841507204471144 0.001220229726729008 1
0.5710717405031108 1.3657011088915636 1.396287672086617 0.001208346841149398 1
0.5727545914928744 1.3558437857360486 1.4083057275723347 0.0011964517929419249 1
0.5743193870078345 1.345967032942933 1.4202047677237073 0.0011845450077225947 1
0.5757670811578948 1.3360724366565442 1.4319846769170197 0.001172626783924675 1
0.5770986519947416 1.326161543851168 1.4436453418123132 0.0011606972925697128 1
0.5783151004861448 1.3162358623623112 1.4551866500780108 0.0011487565770383849 1
0.5794174495209752 1.3062968609436902 1.4666084891132212 0.001136804552835263 1
0.5804067429453651 1.296345969348277 1.4779107447676316 0.0011248410073417053 1
0.581284044630384 1.2863845784317645 1.489093300058837 0.0011128655995512663 1
0.5820504375715297 1.2764140402768576 1.5001560338869018 0.0011008778597821655 1
0.5827070230202926 1.266435668336822 1.511098819745894 0.0010888771893615388 1
0.583254919647988 1.2564507375967786 1.5219215244320874 0.0010768628602763697 1
0.5836952627420102 1.246460484751254 1.5326240067484584 0.0010648340147861974 1
0.584029203434616 1.236466108396553 1.5432061162050874 0.0010527896649928745 1
0.5842579079643049 1.2264687692365572 1.5536676917149927 0.0010407286923628768 1
0.5843825569698251 1.2164695903005969 1.5640085602849108 0.001028649847197869 1
0.5844043448168027 1.2064696571720892 1.5742285357004753 0.0010165517480494517 1
0.5843244789569634 1.1964700182266799 1.584327417205222 0.0010044328810742682 1
0.5841441793198848 1.1864716848786752 1.5943049881727973 0.000992291599325896 1
0.5838646777371999 1.1764756318345868 1.6041610147717233 0.0009801261219802018 1
0.583487217399148 1.1664827973526775 1.613895244622036 0.0009679345334911578 1
0.5830130523433548 1.1564940835074158 1.6235074054430862 0.0009557147826743721 1
0.5824434469757102 1.1465103564578192 1.6329972036917686 0.0009434646817159653 1
0.581779675623199 1.1365324467186977 1.6423643231904168 0.0009311819051047381 1
0.5810230221185342 1.126561149433861 1.651608423743591 0.0009188639884859753 1
0.5801747794164361 1.1165972246503966 1.6607291397429673 0.0009065083274356378 1
0.5792362492413964 1.1066413975931804 1.6697260787595272 0.0008941121761541362 1
0.5782087417667693 1.0966943589388158 1.6785988201222388 0.0008816726460793783 1
0.5770935753250297 1.0867567650882588 1.6873469134824306 0.0008691867044193125 1
0.5758920761490489 1.0768292384374165 1.6959698773630432 0.0008566511726047615 1
0.574605578144235 1.0669123676450765 1.7044671976919847 0.0008440627246639989 1
0.5732354226914055 1.057006707897543 1.7128383263188085 0.0008314178855212101 1
0.5717829584802607 1.0471127811694325 1.7210826795139695 0.0008187130292217539 1
0.5702495413733434 1.037231076480106 1.7291996364499485 0.0008059443770880055 1
0.5686365343003842 1.0273620501452811 1.737188537663575 0.0007931079958104774 1
0.5669453071829448 1.0175061260233993 1.745048683498931 0.0007801997954799651 1
0.5651772368892918 1.0076636957563905 1.7527793325302845 0.0007672155275676029 1
0.5633337072194512 0.9978351190045138 1.7603796999645738 0.0007541507828609739 1
0.5614161089204112 0.988020723675015 1.7678489560230555 0.0007410009893657994 1
0.5594258397314629 0.9782208061443813 1.7751862243018306 0.0007277614101842769 1
0.5573643044596928 0.9684356314740464 1.782390580111085 0.0007144271413828279 1
0.5552329150856588 0.9586654336194356 1.789461048793017 0.0007009931098638802 1
0.5530330908993049 0.9489104156323117 1.7963966040185808 0.0006874540712583628 1
0.5507662586661973 0.939170749856435 1.8031961660633589 0.0006738046078578765 1
0.5484338528241822 0.9294465781166151 1.80985860006307 0.0006600391266079954 1
0.5460373157105896 0.9197380119012966 1.816382714249461 0.000646151857186894 1
0.5435780978201362 0.9100451325388902 1.8227672581675796 0.0006321368501965725 1
0.5410576580936943 0.9003679913681267 1.8290109208757204 0.0006179879754972221 1
0.5384774642381188 0.8907066099027916 1.8351123291296592 0.0006036989207189875 1
0.5358389930773437 0.8810609799912731 1.8410700455531592 0.0005892631899893681 1
0.5331437309349792 0.8714310639714398 1.8468825667971336 0.0005746741029189315 1
0.5303931740486523 0.8618167948214542 1.8525483216903058 0.0005599247938928245 1
0.527588829016351 0.8522180763072191 1.8580656693847133 0.0005450082117208579 1
0.5247322132750385 0.8426347831272524 1.8634328974999526 0.0005299171197047077 1
0.5218248556118146 0.833066761055894 1.8686482202706922 0.0005146440961870866 1
0.5188682967078985 0.8235138270858584 1.873709776702662 0.0004991815356546039 1
0.515864089715707 0.8139757695712624 1.8786156287430789 0.00048352165047348827 1
0.5128138008692921 0.8044523483723931 1.8833637594723214 0.000467656473345494 1
0.5097190101283826 0.7949432950036044 1.8879520713245643 0.00045157786058007534 1
0.5065813118562547 0.7854483127858857 1.8923783843461173 0.0004352774962884658 1
0.503402315531619 0.7759670770057921 1.89664043450131 0.00041874689761556706 1
0.5001836464946704 0.7664992350825919 1.900735872036995 0.0004019774211366256 1
0.4969269467273881 0.7570444067456592 1.9046622599180678 0.0003849602705575754 1
0.49363387566810607 0.7476021842243276 1.9084170723478622 0.00036768650587066354 1
0.49030611106029315 0.7381721324526099 1.9119976933888725 0.0003501470541305896 1
0.48694534983537435 0.7287537892914063 1.9154014157009858 0.0003323327220308583 1
0.48355330902931104 0.719346665771032 1.9186254394162838 0.00031423421047537415 1
0.48013172673251464 0.7099502463571378 1.9216668711715126 0.00029584213135648563 1
0.4766823630725038 0.7005639892433349 1.9245227233215303 0.0002771470267676466 1
0.47320700122852666 0.6911873266740949 1.9271899133594135 0.0002581393908965688 1
0.46970744847714707 0.6818196653017625 1.9296652635714633 0.0002388096948630165 1
0.4661855372675472 0.6724603865818048 1.9319455009581017 0.00021914841478426928 1
0.46264312632500737 0.6631088472107052 1.9340272574545796 0.0001991460633703417 1
0.45908210178070374 0.6537643796112182 1.9359070704885437 0.00017879322537031416 1
0.45550437832559254 0.6444262924700107 1.9375813839148315 0.00015808059721013912 1
0.4519119003857393 0.6350938713330269 1.939046549371368 0.00013699903118075384 1
0.44830664331598585 0.6257663792642485 1.9402988281037237 0.00011553958455285196 1
0.4446906146083301 0.6164430575738328 1.9413343933097422 9.369357401064526e-05 1
0.4410658551108166 0.6071231266219399 1.9421493330596584 7.145263581082739e-05 1
0.43743444025209505 0.5978057867048788 1.9427396538512363 4.880879208395506e-05 1
0.4337984812660995 0.5884902190305025 1.9431012848636906 2.5754523702752775e-05 1
0.43016012641051893 0.5791755867900712 1.9432300829784048 2.2828501443630245e-06 1
0.4265215621718811 0.56986103633407 1.943121838638725 -2.1612583229759785e-05 1
0.4228850144491345 0.5605456984596993 1.9427722826252802 -4.593741006323615e-05 1
0.4192527497066074 0.5512286898179393 1.9421770938273375 -7.069643966962192e-05 1
0.4156270760861193 0.5419091144482391 1.9413319080944567 -9.589354510868554e-05 1
0.41201034446684576 0.5325860654489427 1.9402323282561467 -0.00012153154235201092 1
0.40840494946027106 0.523258626791566 1.9388739354001439 -0.00014761206027213847 1
0.4048133303262177 0.5139258752869353 1.9372523015022076 -0.000174135401262276 1
0.4012379717945168 0.5045868827109894 1.9353630035017673 -0.00020110039238532807 1
0.3976814047753922 0.4952407180977012 1.9332016389181637 -0.00022850422706397657 1
0.3941462069400695 0.48588645020609816 1.9307638431013845 -0.000256342297460495 1
0.3906350031515184 0.4765231501676791 1.9280453082088211 -0.00028460801785819045 1
0.38715046572359657 0.46714989431968973 1.9250418039954382 -0.00031329263954842014 1
0.3836953144852125 0.45776576722863443 1.9217492004984902 -0.0003423850579501155 1
0.3802723166244885 0.4483698649070897 1.918163492689285 -0.0003718716129445605 1
0.3768842862863165 0.438961298225308 1.9142808271530964 -0.000401735883698005 1
0.37353408389519044 0.42953919651722977 1.9100975308438437 -0.00043195847956926014 1
0.3702246151738226 0.42010271137834354 1.905610141942237 -0.00046251682905813584 1
0.3669588298268499 0.41065102065032894 1.9008154428244157 -0.0004933849691418688 1
0.3637397198579731 0.4011833325845684 1.8957104951223263 -0.0005245333377673455 1
0.36057031748821133 0.3916988901734114 1.8902926768269888 -0.0005559285727118782 1
0.35745369264266424 0.3821969756345222 1.884559721351147 -0.0005875333204873931 1
0.35439294997333604 0.37267691502974065 1.8785097584284498 -0.00061930605943249 1
0.35139122538627093 0.36313808299565525 1.8721413566823233 -0.0006512009416015916 1
0.3484516820425609 0.3535799075585625 1.8654535676491135 -0.0006831676585051007 1
0.34557750580480506 0.3440018750017025 1.858445970987272 -0.0007151513361608304 1
0.34277190010341035 0.3344035347476924 1.851118720547795 -0.0007470924652637913 1
0.34003808020079923 0.3247845042139956 1.8434725909215117 -0.000778926872544711 1
0.3373792668362192 0.3151444735941702 1.8355090240171856 -0.0008105857395410378 1
0.33479867923947015 0.30548321051265537 1.827230175161933 -0.0008419956750198195 1
0.33229952750853725 0.2958005644961136 1.8186389581537523 -0.0008730788471408771 1
0.3298850043538453 0.2860964712000122 1.809739088636802 -0.0009037531811032653 1
0.327558276220625 0.27637095632537434 1.8005351251155624 -0.0009339326274521054 1
0.3253224738106579 0.2666241391576357 1.7910325068764652 -0.0009635275054147372 1
0.3231806820353556 0.25685623565752386 1.781237588047557 -0.0009924449245690993 1
0.32113592944359326 0.24706756103300367 1.771157667000813 -0.0010205892868160587 1
0.31919117717978857 0.23725853172182043 1.7608010102905605 -0.001047862869034311 1
0.31734930754015744 0.2274296667161829 1.7501768703276113 -0.0010741664849575972 1
0.3156131122076142 0.21758158816481585 1.7392954960144336 -0.0010994002227595612 1
0.31398528025809785 0.20771502119309684 1.7281681356139602 -0.0011234642526074992 1
0.3124683860428331 0.19783079288932998 1.7168070311947838 -0.001146259696114028 1
0.3110648770617941 0.18792983041442657 1.7052254040892176 -0.0011676895472518686 1
0.3097770619530188 0.17801315820328964 1.6934374309178002 -0.00118765963199117 1
0.3086070987300246 0.16808189423891567 1.681458209873234 -0.0012060795917706178 1
0.3075569834050053 0.15813724539442914 1.669303717116259 -0.001222863874028155 1
0.30662853913840066 0.14818050185366613 1.6569907533123907 -0.0012379327114996172 1
0.3058234060555233 0.13821303063717502 1.6445368805275804 -0.0012512130709429461 1
0.30514303186797564 0.12823626827718562 1.631960349897499 -0.0012626395514479403 1
0.3045886634314785 0.1182517127017442 1.619280020683402 -0.0012721552126130683 1
0.3041613393624197 0.1082609144043224 1.6065152715209914 -0.0012797123136526621 1
0.30386188382302587 0.09826546699026463 1.5936859048505958 -0.0012852729459503173 1
0.3036909015697601 0.08826699720494595 1.5808120456808052 -0.0012888095436747325 1
0.3036487743416946 0.07826715455999253 1.5679140359771961 -0.0012903052597654171 1
0.30373565864562097 0.06826760068296828 1.5550123260775008 -0.0012897541977881933 1
0.30395148497307645 0.05826999852221747 1.5421273646101876 -0.0012871614937357157 1
0.30429595846188506 0.04827600154184505 1.5292794884318015 -0.0012825432456656301 1
0.3047685609918612 0.03828724304198803 1.5164888140980135 -0.0012759262929734035 1
0.3053685546816769 0.02830532573657976 1.5037751323441764 -0.0012673478509277625 1
0.306094986732189 0.01833181171484247 1.4911578069748315 -0.0012568550096980805 1
0.3069466955413585 0.008368212903987125 1.4786556794512025 -0.0012445041103326367 1
0.3079223179978117 -0.0015840178606268017 1.4662869803256167 -0.0012303600128837832 1
0.30902029784453244 -0.011523495064912343 1.454069248507486 -0.0012144952740283312 1
0.31023889499147445 -0.021448907966993957 1.4420192591631564 -0.0011969892530389896 1
0.3115761956462708 -0.03135902720760114 1.43015296085822 -0.0011779271657995413 1
0.31303012312578876 -0.04125271053444291 1.4184854223524588 -0.0011573991067305226 1
0.31459844920802604 -0.05112890761176554 1.4070307892609204 -0.001135499058041868 1
0.3162788058836512 -0.06098666390258749 1.395802250605566 -0.001112323904718829 1
0.31806869736913623 -0.07082512362658964 1.3848120151057037 -0.0010879724721622557 1
0.31996551224862574 -0.08064353181095654 1.3740712968961704 -0.0010625446015422532 1
0.3219665356190941 -0.09044123546432568 1.3635903102231988 -0.0010361402757903448 1
0.32406896112255995 -0.10021768391519756 1.3533782725512056 -0.0010088588068551854 1
0.3262699027597651 -0.10997242836555046 1.3434434154204853 -0.0009807980924808719 1
0.32856640639136836 -0.1197051207179327 1.333793002326136 -0.0009520539484258506 1
0.3309554608449726 -0.12941551173997184 1.3244333528417866 -0.0009227195198020675 1
0.33343400855882177 -0.13910344863410987 1.315369872186456 -0.0008928847731414447 1
0.3359989557054621 -0.14876887208255662 1.3066070854272227 -0.0008626360689369869 1
0.33864718175076913 -0.15841181283809536 1.2981486755220077 -0.0008320558127906756 1
0.34137554841526496 -0.16803238793065026 1.2899975244331128 -0.0008012221819467294 1
0.3441809080154176 -0.17763079655762692 1.2821557565805681 -0.00077020892290121 1
0.3470601111724709 -0.18720731572315452 1.2746247839522085 -0.0007390852149507286 1
0.35001001388522374 -0.1967622956876965 1.2674053522421604 -0.0007079155939590325 1
0.35302748397100403 -0.20629615528523482 1.2604975874488062 -0.000676759930259037 1
0.35610940688584614 -0.21580937716055335 1.253901042425163 -0.0006456734544437679 1
0.3592526909406056 -0.22530250297420293 1.2476147429371849 -0.0006147068248045237 1
0.3624542719344573 -0.23477612861766828 1.2416372328472158 -0.0005839062303197938 1
0.36571111723099226 -0.24423089947619453 1.2359666180994529 -0.0005533135233557065 1
0.36902022930501416 -0.2536675057717691 1.2306006092408444 -0.0005229663765816728 1
0.3723786487902284 -0.26308667801397706 1.2255365622636365 -0.0004928984590090382 1
0.37578345705939475 -0.2724891825819135 1.2207715176042744 -0.0004631396265045207 1
0.37923177836926475 -0.28187581745610024 1.216302237177307 -0.00043371612259545425 1
0.3827207816028362 -0.2912474081154344 1.212125239362182 -0.0004046507858548978 1
0.3862476816412123 -0.3006048036106299 1.2082368318953736 -0.0003759632606188497 1
0.3898097403967239 -0.30994887282238837 1.2046331426502777 -0.00034767020823539687 1
0.39340426753804153 -0.3192805009096712 1.20131014831297 -0.0003197855164691767 1
0.39702862093682706 -0.32860058595091224 1.1982637009834867 -0.0002923205050788522 1
0.40068020686411054 -0.3379100357788165 1.195489552750094 -0.00026528412594718277 1
0.40435647996309204 -0.34720976500749695 1.1929833782983885 -0.00023868315647074658 1
0.4080549430234793 -0.35650069224910397 1.1907407956283607 -0.00021252238520920975 1
0.4117731465808474 -0.3657837375157688 1.1887573849611013 -0.000186804789052474 1
0.4155086883628578 -0.3750598198015888 1.1870287059229871 -0.00016153170138955808 1
0.419259212602534 -0.3843298548385134 1.1855503130992457 -0.00013670297095731243 1
0.42302240923718476 -0.3935947530193085 1.184317770051085 -0.00011231711121236022 1
0.4267960130100056 -0.4028554174802752 1.1833266618913632 -8.837144020829069e-05 1
0.43057780248988786 -0.412112742336044 1.182572606513297 -6.486221107469126e-05 1
0.4343655990235376 -0.421367611058541 1.1820512645652146 -4.17847332876331e-05 1
0.4381572656326523 -0.4306208949921128 1.181758348262047 -1.9133484995125462e-05 1
0.44195070586763235 -0.4398734519967808 1.1816896291212806 3.097783281694966e-06 1
0.445743862628118 -0.44912612521165673 1.1818409447076488 2.4915953208158203e-05 1
0.4495347169595354 -0.4583797419306838 1.1822082044670186 4.6328451062594754e-05 1
0.453321286833818 -0.46763511258304624 1.182787394725887 6.734316761621351e-05 1
0.4571016259215267 -0.4768930298108164 1.183574582928683 8.796838504173055e-05 1
0.4608738223617325 -0.48615426763666797 1.1845659211808173 0.00010821271042255099 1
0.46463599753523893 -0.495419580714762 1.1857576491611268 0.0001280850154366311 1
0.46838630484600546 -0.5046897036582152 1.187146096463163 0.00014759438179629903 1
0.4721229285149877 -0.5139653504368695 1.1887276844206214 0.00016675005203623682 1
0.47584408239002296 -0.5232472138393999 1.1904989274682183 0.00018556138525568211 1
0.479548008774866 -0.5325359649941169 1.1924564340854633 0.00020403781743688176 1
0.48323297728000936 -0.5418322529431374 1.1945969073670961 0.00022218882597938917 1
0.4868972836974995 -0.5511367042649076 1.1969171452604424 0.0002400238981082934 1
0.4905392489015882 -0.560449922740376 1.199414040506645 0.00025755250283358876 1
0.49415721777672705 -0.5697724890584059 1.2020845803195925 0.000274784066157173 1
0.49774955817412037 -0.5791049605563051 1.2049258458334426 0.00029172794924318257 1
0.501314659897792 -0.5884478709916294 1.2079350113468996 0.00030839342928627223 1
0.5048509337209024 -0.5978017303416823 1.2111093433898485 0.00032478968283085655 1
0.5083568104328509 -0.6071670246273819 1.2144461996355873 0.00034092577131210723 1
0.511830739917531 -0.6165442157584128 1.2179430276796874 0.0003568106286065607 1
0.5152711902629634 -0.625933741396801 1.221597363704491 0.0003724530503964385 1
0.5186766469024013 -0.6353360148362731 1.225406831046378 0.00038786168516720545 1
0.5220456117869023 -0.6447514248949578 1.2293691386812096 0.0004030450266724293 1
0.5253766025892713 -0.6541803358191856 1.2334820796417731 0.0004180114077137072 1
0.5286681519392034 -0.6636230871963148 1.2377435293796029 0.00043276899509618995 1
0.5319188066894016 -0.6730799938746888 1.24215144408222 0.0004473257856322501 1
0.535127127212389 -0.68255134588898 1.2467038589556259 0.0004616896030769024 1
0.5382916867277054 -0.6920374083893319 1.2513988864807755 0.0004758680958889825 1
0.5414110706591447 -0.7015384215728427 1.2562347146517487 0.0004898687357216005 1
0.544483876021676 -0.7110546006160653 1.2612096052024253 0.0005036988165542731 1
0.5475087108376703 -0.7205861356073211 1.266321891827632 0.0005173654543872404 1
0.5504841935820585 -0.7301331914777376 1.2715699784039913 0.0005308755874260219 1
0.553408952656039 -0.739695907930022 1.2769523372150007 0.0005442359766911293 1
0.5562816258889569 -0.749274399364085 1.2824675071842715 0.0005574532069941766 1
0.5591008600679919 -0.7588687547987204 1.2881140921202938 0.0005705336882274488 1
0.561865310495294 -0.7684790377886296 1.2938907589755986 0.000583483656919239 1
0.5645736405722288 -0.7781052863361643 1.2997962361227284 0.0005963091780121579 1
0.5672245214104045 -0.7877475127972321 1.3058293116490418 0.0006090161468259836 1
0.5698166314691778 -0.7974057037808829 1.3119888316719923 0.00062161029117069 1
0.5723486562193504 -0.807079820042159 1.318273698676226 0.0006340971735789143 1
0.5748192878327942 -0.8167697963678534 1.3246828698735242 0.0006464821936304935 1
0.5772272248977657 -0.8264755414548837 1.3312153555863893 0.0006587705903447017 1
0.5795711721596899 -0.8361969377810344 1.3378702176558173 0.0006709674446185814 1
0.5818498402872235 -0.8459338414678882 1.344646567873622 0.0006830776816922568 1
0.5840619456634301 -0.8556860821357984 1.351543566439478 0.0006951060736243764 1
0.5862062102019191 -0.8654534627508205 1.358560420442704 0.0007070572417628787 1
0.5882813611878369 -0.8752357594635485 1.3656963823686679 0.000718935659198142 1
0.5902861311436098 -0.8850327214398603 1.3729507486295736 0.0007307456531872434 1
0.5922192577193716 -0.8948440706836068 1.3803228581192828 0.0007424914075395813 1
0.5940794836080286 -0.9046695018513272 1.3878120907917437 0.000754176964955503 1
0.5958655564849381 -0.9145086820591056 1.3954178662625123 0.0007658062293107817 1
0.597576228972199 -0.924361250681727 1.4031396424327924 0.0007773829678809703 1
0.5992102586275754 -0.934226819144327 1.4109769141353636 0.0007889108135006291 1
0.6007664079580952 -0.9441049707067596 1.418929211801727 0.000800393266653372 1
0.6022434444583811 -0.9539952602409535 1.4269961001497515 0.0008118336974894984 1
0.6036401406737978 -0.9638972140015525 1.4351771768910906 0.000823235347768744 1
0.604955274288509 -0.9738103293901769 1.4434720714576026 0.0008346013327263713 1
0.60618762823856 -0.9837340747136717 1.4518804437460069 0.0008459346428614314 1
0.6073359908501115 -0.9936678889367483 1.4604019828799888 0.0008572381456466232 1
0.6083991560029708 -1.0036111814294533 1.4690364059889756 0.0008685145871596714 1
0.6093759233195717 -1.013563331709935 1.477783457002793 0.0008797665936366492 1
0.6102650983795699 -1.0235236891830182 1.486642905461431 0.0008909966729480901 1
0.6110654929602273 -1.0334915728751155 1.495614545339151 0.0009022072159991442 1
0.6117759253027698 -1.0434662711660632 1.504698193882185 0.0009134004980554395 1
0.6123952204049055 -1.0534470415184745 1.513893690459293 0.0009245786799966187 1
0.6129222103396932 -1.0634331102052597 1.52320089542447 0.0009357438094998836 1
0.6133557346009627 -1.073423672035995 1.5326196889911157 0.0009468978221562141 1
0.6136946404754731 -1.0834178900828424 1.5421499701170065 0.0009580425425221802 1
0.6139377834420094 -1.0934148954067715 1.5517916553994526 0.0009691796851106031 1
0.6140840275976037 -1.1034137867848708 1.5615446779800364 0.000980310855323594 1
0.614132246111066 -1.1134136304395592 1.5714089864583833 0.0009914375503317708 1
0.6140813217039984 -1.1234134597705547 1.5813845438144487 0.001002561159903733 1
0.6139301471594619 -1.1334122750904925 1.5914713263388467 0.0010136829671901736 1
0.6136776258584415 -1.1434090433651116 1.6016693225707912 0.0010248041494672398 1
0.6133226723442537 -1.1534026979589767 1.6119785322432674 0.001035925778844107 1
0.6128642129150097 -1.1633921383877286 1.6223989652351114 0.001047048822939952 1
0.6123011862442365 -1.1733762300778943 1.6329306405297115 0.0010581741455358753 1
0.6116325440297292 -1.1833538041353266 1.643573585180122 0.00106930250720759 1
0.6108572516706839 -1.1933236571233725 1.654327833280426 0.0010804345659450598 1
0.6099742889731332 -1.2032845508519041 1.6651934249432518 0.0010915708777655964 1
0.6089826508836697 -1.2132352121783863 1.6761704052834159 0.0011027118973272914 1
0.6078813482514144 -1.2231743328221758 1.6872588234077386 0.00111385797855007 1
0.606669408618144 -1.23310056919329 1.6984587314111466 0.001125009375252047 1
0.6053458770364527 -1.243012542236904 1.7097701833792598 0.0011361662418093248 1
0.6039098169157779 -1.2529088372948722 1.7211932343977483 0.001147328633847857 1
0.602360310896076 -1.26278800398559 1.7327279395688222 0.001158496508976514 1
0.6006964617488777 -1.272648556103543 1.744374353035328 0.0011696697275710535 1
0.5989173933054045 -1.2824889715399115 1.7561325270130113 0.0011808480536193182 1
0.5970222514113667 -1.2923076922256198 1.768002510831618 0.00119203115563863 1
0.595010204908005 -1.302103124098239 1.7799843499856236 0.0012032186076771077 1
0.5928804466388726 -1.311873637094167 1.7920780851954918 0.0012144098904114096 1
0.5906321944817898 -1.3216175651675228 1.8042837514805072 0.0012256043923543005 1
0.5882646924053302 -1.3313332063372028 1.8166013772443512 0.0012368014111864016 1
0.5857772115491252 -1.3410188227635498 1.8290309833747513 0.0012480001552275517 1
0.5831690513271993 -1.350672640856086 1.8415725823586886 0.0012591997450644133 1
0.5804395405534654 -1.3602928514137655 1.8542261774148254 0.0012703992153522607 1
0.5775880385884266 -1.3698776097991803 1.8669917616449974 0.0012815975168103603 1
0.5746139365060507 -1.3794250361481561 1.8798693172068224 0.0012927935184320217 1
0.5715166582796889 -1.3889332156161445 1.8928588145096972 0.0013039860099322096 1
0.5682956619858235 -1.398400198662792 1.9059602114366905 0.0013151737044577118 1
0.5649504410243354 -1.4078240013760497 1.919173452595114 0.0013263552415871808 1
0.5614805253538845 -1.4172026058371185 1.9324984685988207 0.0013375291906509831 1
0.5578854827409041 -1.4265339605275176 1.9459351753856156 0.0013486940544038355 1
0.5541649200206064 -1.43581598077947 1.959483473573503 0.0013598482730865376 1
0.5503184843682961 -1.445046549270761 1.9731432478598765 0.0013709902289170165 1
0.5463458645791924 -1.4542235165651411 1.986914366468186 0.0013821182510552804 1
0.5422467923548514 -1.463344701699264 2.000796680647092 0.0013932306210919477 1
0.5380210435941826 -1.4724078928170512 2.014790024227639 0.0014043255791157728 1
0.5336684396869474 -1.4814108478522734 2.028894213244582 0.0014154013304222527 1
0.5291888488075288 -1.4903512952600166 2.0431090456286407 0.0014264560529330653 1
0.5245821872066548 -1.499226934797568 2.0574343009772234 0.0014374879054049273 1
0.5198484204986656 -1.5080354383551078 2.0718697404119903 0.001448495036516721 1
0.5149875649418061 -1.5167744508364311 2.0864151065325935 0.0014594755949356372 1
0.5099996887089424 -1.5254415910897425 2.1010701234769793 0.0014704277404769218 1
0.504884913145995 -1.5340344528883605 2.1158344970999106 0.0014813496564879708 1
0.4996434140153035 -1.5425506059609608 2.1307079152827653 0.0014922395636064354 1
0.4942754227210445 -1.5509875970707274 2.145690048389248 0.0015030957350641004 1
0.48878122751375186 -1.5593429511425303 2.1607805498835737 0.0015139165137344286 1
0.4831611746709068 -1.5676141724369375 2.1759790571297573 0.0015247003311522627 1
0.4774156696505051 -1.5757987457695564 2.191285192393175 0.0015354457287705635 1
0.47154517821444325 -1.5838941377738303 2.2066985640684145 0.0015461513817620002 1
0.4655502275185161 -1.5918977982050249 2.222218768160796 0.0015568161257243846 1
0.45943140716577413 -1.599807161282696 2.2378453900528497 0.0015674389867098536 1
0.45318937021995565 -1.6076196470684432 2.2535780065916327 0.0015780192150706201 1
0.4468248341756892 -1.6153326628751974 2.269416188538178 0.0015885563237015548 1
0.4403385818821483 -1.6229436047037005 2.2853595034266974 0.0015990501313650775 1
0.4337314624168479 -1.6304498587011316 2.3014075188887286 0.0016095008119109862 1
0.4270043919062873 -1.6378488026360671 2.317559806506355 0.001619908950357844 1
0.42015835429018267 -1.6451378073830991 2.333815946269277 0.0016302756069899906 1
0.4131944020260812 -1.6523142384094236 2.3501755317233055 0.001640602390853022 1
0.4061136567312242 -1.6593754572545902 2.3666381759131405 0.001650891544311148 1
0.3989173097586204 -1.6663188229932826 2.383203518240798 0.0016611460406752228 1
0.3916066227044114 -1.6731416936694976 2.3998712323833855 0.001671369697337275 1
0.3841829278437559 -1.6798414276887268 2.416641035441135 0.0016815673073778627 1
0.37664762849264527 -1.6864153851526802 2.433512698519744 0.0016917447932745806 1
0.36900219929327244 -1.6928609291186836 2.4504860589918245 0.0017019093871705015 1
0.3612481864208424 -1.6991754267629833 2.4675610347323436 0.0017120698432082188 1
0.3533872077100181 -1.705356250423792 2.4847376406850814 0.0017222366887625618 1
0.34542095269957224 -1.711400778495779 2.5020160081943987 0.0017324225230974306 1
0.33735118259425395 -1.7173063961427497 2.5193964076333635 0.0017426423741431808 1
0.3291797301434204 -1.723070495789216 2.536879274981071 0.0017529141268936908 1
0.32090849943662797 -1.7286904773441607 2.554465243156208 0.0017632590405646264 1
0.3125394656171692 -1.7341637481011805 2.5721551791104753 0.0017737023764217666 1
0.3040746745155153 -1.7394877222478742 2.589950227937721 0.001784274164474651 1
0.29551624220583006 -1.744659819903178 2.6078518655805154 0.0017950101455857562 1
0.28686635449024367 -1.7496774655835197 2.625861962140278 0.0018059529367431694 1
0.27812726631750506 -1.7545380859760082 2.6439828583539993 0.0018171534823857517 1
0.26930130114511985 -1.7592391068678976 2.6622174585377714 0.0018286728753370404 1
0.26039085025732406 -1.7637779490441419 2.680569344281983 0.001840584659399043 1
0.25139837205553445 -1.7681520229161374 2.699042914510915 0.001852977765367884 1
0.24232639134365996 -1.7723587215807008 2.717643559328905 0.0018659602882126623 1
0.23317749863847012 -1.7763954119232805 2.7363778775682324 0.0018796643930478417 1
0.22395434954598278 -1.7802594232652733 2.7552539514298955 0.0018942527530568358 1
0.21465966425990635 -1.7839480329003985 2.774281696517623 0.0019099270919850577 1
0.20529622725960261 -1.7874584476521782 2.793473312595644 0.0019269396562510465 1
0.19586688731601437 -1.7907877802880778 2.81284387062095 0.001945608824081429 1
0.18637455795957514 -1.7939330192069336 2.832412086704047 0.0019663406488616975 1
0.17682221863242448 -1.7968909892149725 2.8522013563746857 0.001989659061898817 1
0.16721291685174022 -1.7996583003275701 2.872241157392974 0.002016248952162024 1
0.1575497718743876 -1.8022312802268161 2.892568984010554 0.002047018798933443 1
0.1478359806148768 -1.8046058840181156 2.9132330633792596 0.002083193692328076 1
0.13807482699951987 -1.8067775718373122 2.9342962496274967 0.002126456825058985 1
0.12826969667059418 -1.8087411399208535 2.955841737307519 0.0021791705998927993 1
0.11842410023697254 -1.8104904826245172 2.9779816688513363 0.0022447329367340885 1
0.10854171060724575 -1.81201824904531 3.0008705020715603 0.002328172103465625 1
0.09862642440281189 -1.8133153334349508 3.0247265163316133 0.0024371813867593234 1
0.08868246640834379 -1.8143700933267184 3.0498678809994266 0.002584008012887785 1
0.07871457514593548 -1.8151671010078259 3.0767762270684558 0.002789106839861436 1
0.06872835161042598 -1.8156850505674962 3.1062156769347324 0.0030887230464366664 1
0.058730963707214104 -1.8158930314331505 3.1394731400729317 0.00355207161755018 1
